9.986451268196105957e-01
9.907842874526977539e-01
2.778198122978210449e-01
9.014709591865539551e-01
9.981162548065185547e-01
9.894060492515563965e-01
9.997333884239196777e-01
8.038974404335021973e-01
9.996246099472045898e-01
9.973475933074951172e-01
7.885854840278625488e-01
9.977405071258544922e-01
9.991400241851806641e-01
9.972656965255737305e-01
9.791849851608276367e-01
8.606156110763549805e-01
9.982089996337890625e-01
9.878556132316589355e-01
9.992695450782775879e-01
9.957531690597534180e-01
9.994956254959106445e-01
9.485603570938110352e-01
9.646301269531250000e-01
9.673504829406738281e-01
9.729971289634704590e-01
9.997003078460693359e-01
9.498254060745239258e-01
9.530212879180908203e-01
9.846150279045104980e-01
9.961068034172058105e-01
9.162005186080932617e-01
9.999005794525146484e-01
9.999715089797973633e-01
9.872867465019226074e-01
6.142726540565490723e-01
9.992367029190063477e-01
9.859554767608642578e-01
9.984489679336547852e-01
9.945366382598876953e-01
9.999599456787109375e-01
9.983040094375610352e-01
9.012460708618164062e-01
9.558043479919433594e-01
9.993740916252136230e-01
9.999136924743652344e-01
9.847809076309204102e-01
9.705482721328735352e-01
9.992018342018127441e-01
9.950380921363830566e-01
9.382400512695312500e-01
9.996634721755981445e-01
9.997753500938415527e-01
9.974259734153747559e-01
9.985545277595520020e-01
9.704668521881103516e-01
9.966554641723632812e-01
9.876619577407836914e-01
8.804093599319458008e-01
3.818911314010620117e-01
9.983579516410827637e-01
9.969180822372436523e-01
9.207913279533386230e-01
9.989103078842163086e-01
9.791694283485412598e-01
9.996143579483032227e-01
9.968190193176269531e-01
9.991102814674377441e-01
9.978127479553222656e-01
9.061383008956909180e-01
3.648513257503509521e-01
9.996980428695678711e-01
9.972979426383972168e-01
9.994823932647705078e-01
9.574448466300964355e-01
9.860628247261047363e-01
9.939702749252319336e-01
9.987890124320983887e-01
9.803551435470581055e-01
9.971265196800231934e-01
9.978976249694824219e-01
9.995996356010437012e-01
9.722017645835876465e-01
1.433052569627761841e-01
9.998196959495544434e-01
9.672160744667053223e-01
9.871029257774353027e-01
9.934908747673034668e-01
9.998992681503295898e-01
9.999220371246337891e-01
9.991599321365356445e-01
9.908590912818908691e-01
9.492300748825073242e-01
9.936006665229797363e-01
8.191339373588562012e-01
9.562063217163085938e-01
9.973338842391967773e-01
2.186123467981815338e-02
9.989790916442871094e-01
9.888590574264526367e-01
9.996427297592163086e-01
5.025995969772338867e-01
9.931836724281311035e-01
9.979857206344604492e-01
9.991377592086791992e-01
9.995431900024414062e-01
6.630753725767135620e-02
6.758667528629302979e-02
9.995393753051757812e-01
9.992052912712097168e-01
9.913220405578613281e-01
9.999665021896362305e-01
9.896680116653442383e-01
7.683699131011962891e-01
9.618377089500427246e-01
9.989120960235595703e-01
9.974851608276367188e-01
9.992300271987915039e-01
1.095363032072782516e-02
9.995806813240051270e-01
9.875460267066955566e-01
9.910469651222229004e-01
9.984781146049499512e-01
9.424353837966918945e-01
9.999719858169555664e-01
9.918671250343322754e-01
9.987518787384033203e-01
9.966267347335815430e-01
9.977040886878967285e-01
9.988943934440612793e-01
9.996849298477172852e-01
9.994619488716125488e-01
9.998986721038818359e-01
9.998488426208496094e-01
9.994347691535949707e-01
9.999430179595947266e-01
9.752017259597778320e-01
9.997479319572448730e-01
9.998051524162292480e-01
6.669943928718566895e-01
9.694594740867614746e-01
5.214495658874511719e-01
9.998144507408142090e-01
9.940389394760131836e-01
9.998534917831420898e-01
9.961285591125488281e-01
9.997717738151550293e-01
9.998534917831420898e-01
9.877415895462036133e-01
9.999488592147827148e-01
9.910009503364562988e-01
8.771083354949951172e-01
9.865885376930236816e-01
9.994615912437438965e-01
8.686496615409851074e-01
9.996633529663085938e-01
4.550163447856903076e-01
8.732928037643432617e-01
2.879339754581451416e-01
9.998545646667480469e-01
9.903386235237121582e-01
9.687160253524780273e-01
9.979864358901977539e-01
9.966031312942504883e-01
9.998055100440979004e-01
9.983207583427429199e-01
9.999490976333618164e-01
9.830543398857116699e-01
9.903566241264343262e-01
9.998291730880737305e-01
9.996606111526489258e-01
9.101868867874145508e-01
9.628044366836547852e-01
9.998062252998352051e-01
9.958569407463073730e-01
9.892327785491943359e-01
9.999822378158569336e-01
9.998145699501037598e-01
9.776452779769897461e-01
9.778000116348266602e-01
9.970574378967285156e-01
9.999487400054931641e-01
9.869294166564941406e-01
9.990045428276062012e-01
4.923784136772155762e-01
5.585840940475463867e-01
9.995038509368896484e-01
9.994953870773315430e-01
9.972172975540161133e-01
8.268443346023559570e-01
9.065939784049987793e-01
1.999918073415756226e-01
9.972810745239257812e-01
9.570794701576232910e-01
9.999670982360839844e-01
9.844672679901123047e-01
9.741840362548828125e-01
9.933059811592102051e-01
9.999183416366577148e-01
9.998205304145812988e-01
9.930564761161804199e-01
7.234089970588684082e-01
9.979434609413146973e-01
9.830000400543212891e-01
4.747243821620941162e-01
9.963397979736328125e-01
8.662161827087402344e-01
9.968799352645874023e-01
9.996302127838134766e-01
9.998258948326110840e-01
9.998323917388916016e-01
9.999616146087646484e-01
9.952933192253112793e-01
5.144834890961647034e-02
9.994210004806518555e-01
9.975800514221191406e-01
9.774500131607055664e-01
9.927558302879333496e-01
9.999086856842041016e-01
9.941319823265075684e-01
9.951843619346618652e-01
9.999183416366577148e-01
8.732821941375732422e-01
9.999800920486450195e-01
9.986537694931030273e-01
9.999179840087890625e-01
9.921305775642395020e-01
9.998636245727539062e-01
9.948912858963012695e-01
9.993882179260253906e-01
9.918504357337951660e-01
9.987861514091491699e-01
9.796191453933715820e-01
9.997232556343078613e-01
7.095828652381896973e-01
9.865455627441406250e-01
9.992222785949707031e-01
9.958987832069396973e-01
9.991117119789123535e-01
9.642609953880310059e-01
7.282232046127319336e-01
9.657676815986633301e-01
9.763336777687072754e-01
9.993525147438049316e-01
9.253754615783691406e-01
9.980851411819458008e-01
7.922997474670410156e-01
9.985018968582153320e-01
9.955151677131652832e-01
9.852900505065917969e-01
9.648833274841308594e-01
9.996346235275268555e-01
9.983231425285339355e-01
9.995558857917785645e-01
9.997813105583190918e-01
9.916634559631347656e-01
9.864306449890136719e-01
9.999653100967407227e-01
9.691996574401855469e-01
2.713494598865509033e-01
9.869013428688049316e-01
9.995329380035400391e-01
9.991313815116882324e-01
9.995619654655456543e-01
9.834325909614562988e-01
9.990965127944946289e-01
9.998710155487060547e-01
9.982110261917114258e-01
8.307211399078369141e-01
5.270636081695556641e-01
9.956244826316833496e-01
8.798988461494445801e-01
9.997779726982116699e-01
8.318724632263183594e-01
9.997307658195495605e-01
9.988598823547363281e-01
9.740042686462402344e-01
9.996557235717773438e-01
9.981684684753417969e-01
9.986308217048645020e-01
9.861457943916320801e-01
9.990634322166442871e-01
9.924000501632690430e-01
9.999201297760009766e-01
9.993515610694885254e-01
9.221274256706237793e-01
9.991862177848815918e-01
9.889210462570190430e-01
5.099073052406311035e-01
9.917374253273010254e-01
9.996422529220581055e-01
9.999816417694091797e-01
9.996312856674194336e-01
9.995371103286743164e-01
9.982129335403442383e-01
9.988227486610412598e-01
9.967815876007080078e-01
